10003
10004
10005
10009
1000
10012
10013
10017
10020
10022
10023
10029
1002
10031
10032
10033
10034
10036
10037
10038
10039
10046
10047
10048
10049
10050
10053
10054
10055
10056
10057
10061
10062
10064
10065
10066
10067
10068
10069
10071
10074
1007
10080
10081
10083
10085
10087
10088
1008
10090
10092
10095
10096
10098
10099
100
10100
10101
10103
10104
10106
10110
10118
10119
10122
10123
10124
10125
10126
10127
10129
1012
10131
10132
10134
10135
10136
10137
10138
10139
10140
10143
10144
10146
10147
10148
10152
10154
10157
10159
1015
10160
10162
10163
10165
10167
10171
10173
10174
10175
10177
1017
10181
10182
10185
10188
10189
10190
10193
10194
10195
10196
10197
10198
10199
10200
10201
10202
10203
10204
10207
10209
1020
10212
10213
10215
10216
10217
1021
10220
10222
10224
10225
10227
10231
10232
10233
10235
10236
10238
10241
10242
10243
10244
10245
10250
10252
10253
10256
10259
10260
10262
10263
10266
10269
1026
10271
10273
10274
10276
10277
1027
10280
10281
10282
10286
10288
10289
10293
10295
10296
10299
1029
10300
10301
10302
10303
10304
10305
10306
10307
10308
1030
10311
10312
10313
10314
10318
10322
10323
10325
10326
10328
10330
10332
10334
10335
10336
10338
10339
10340
10341
10343
10344
10345
1034
10351
10352
10354
10355
10356
10357
10358
10359
10360
10361
10362
10365
10366
10367
10368
10370
10373
10374
10376
10377
10380
10382
10383
10385
10386
10388
10389
1038
10390
10391
10393
10394
10395
10396
1039
10400
10401
10403
10404
10405
10412
10414
10415
10417
10418
1041
10420
10422
10424
10426
10427
10429
10430
10431
10432
10434
10436
10438
10439
1043
10441
10442
10445
10446
10447
10450
10451
10453
10456
10457
10459
1045
10460
10461
10462
10467
1046
10470
10471
10474
10475
10478
10480
10481
10482
10483
10484
10487
10488
10489
1048
10496
10498
10499
1049
10500
10503
10504
10505
10507
10508
10511
10512
10513
10516
1051
10521
10522
10526
10527
10529
10530
10531
10532
10533
10534
10535
10537
10538
10544
10545
10547
10549
10555
10557
10558
1055
10561
10562
10563
10564
10566
10569
1056
10571
10572
10577
10579
10580
10583
10585
10587
10588
10589
10593
10594
10596
10597
10598
1059
105
10600
10602
10606
10607
10609
10610
10611
10612
10616
10617
10618
1061
10622
10624
10625
10628
10629
1062
10631
10632
10633
10634
10635
10636
10637
10638
10640
10642
10644
10645
10646
10648
1064
10650
10651
10653
10656
10657
10658
10659
10662
10664
10667
10670
10672
10673
10674
10676
10677
10678
10679
10680
10681
10682
10684
10687
10690
10691
10692
10693
10696
10698
10699
1069
10701
10702
10705
10706
10707
10713
10714
10715
10717
10718
10719
10720
10721
10723
10726
10727
10729
10731
10733
10737
10739
1073
10740
10743
10744
10745
10747
10750
10751
10752
10756
10758
10759
10761
10762
10765
10769
10770
10771
10774
10775
10779
1077
10780
10781
10782
10785
10786
10789
1078
10790
10796
10797
10799
1079
107
10802
10803
10804
10805
10807
10808
10812
10813
10814
10815
10818
10819
10822
10824
10826
10827
10828
10829
1082
10830
10831
10833
10834
10835
10837
1083
10842
10843
10844
10846
10848
1084
10850
10855
10857
1085
10861
10862
10863
10864
10866
10867
1086
10871
10872
10873
10874
1087
10881
10883
10884
10885
10886
10887
10889
10891
10892
10894
10896
10897
10899
10900
10902
10908
10909
1090
10910
10911
10912
10914
10916
10918
10919
1091
10920
10923
10924
10926
10928
1092
10931
10932
10933
10934
10935
10936
10938
10941
10942
10943
10947
10948
10949
10952
10953
10954
10957
1095
10960
10961
10962
10966
10967
10969
1096
10970
10971
10973
10976
10977
10978
1097
10980
10982
10984
10985
10986
10987
10988
10989
1098
10990
10993
10994
10996
10997
10998
10999
11001
11002
11005
11008
11009
11010
11011
11012
11014
11016
11018
11019
11020
11021
11022
11023
11025
11026
11027
1102
11032
11033
11034
11035
11036
11037
11038
1103
11042
11043
11046
11048
11050
11051
11052
11054
11057
11058
11061
11062
11063
11065
11067
11068
1106
11077
11079
1107
11080
11081
11082
11083
11084
11085
11088
11093
11094
11095
11096
11097
11098
11099
11104
11109
11111
11114
11115
11116
11117
11119
11121
11123
11124
11125
11126
11127
11131
11132
11134
11135
11136
11138
11139
11141
11147
11150
11153
11155
11158
11159
11161
11163
11164
11166
11168
11169
1116
11170
11174
11175
11176
11180
11182
11183
11184
11189
11190
11191
11194
11195
11196
11197
11198
11199
1119
11201
11202
11204
11205
11206
11207
11208
11210
11211
11212
11213
11214
11216
11217
11218
11223
11224
11226
11227
11228
11229
1122
11231
11233
11234
11237
11238
11239
1123
11240
11241
11243
11244
11246
11248
11249
11252
11258
1125
11260
11262
11263
11266
11270
11271
11273
11274
11275
11276
11277
11278
11279
11280
11284
11285
11286
11287
11288
11289
11290
11291
11292
11294
11295
11296
11297
11299
11301
11302
11303
11304
11305
11306
11308
11309
1130
11310
11311
11312
11313
11315
11317
11319
1131
11321
11322
11324
11325
11326
11327
11329
1132
11333
11334
11337
1133
11341
11342
11345
11346
11347
11348
1134
11350
11351
11354
11355
11356
11357
11358
1135
11360
11361
11363
11365
11366
11367
11368
11369
11372
11374
11378
11379
11384
11385
11386
11387
11390
11391
11392
11393
11394
11395
11396
11397
11398
11401
11403
11405
11406
11407
11408
1140
11410
11413
11416
11419
11421
11423
11425
11427
11428
11429
1142
11431
11433
11434
11435
11436
11439
1143
11443
11444
11445
11447
11448
11449
1144
11450
11451
11452
11453
11454
11455
11457
11459
1145
11460
11463
11464
11465
11467
11468
11470
11471
11472
11474
11475
11476
11477
11479
1147
11481
11484
11485
11486
11487
11489
1148
11491
11493
11494
11495
11496
11497
11498
11499
11501
11502
11504
11505
11508
11509
1150
11510
11511
11513
11518
11519
1151
11521
11522
11523
11524
11525
11528
11529
11531
11534
11535
11537
11538
11540
11541
11545
11546
11550
11551
11552
11555
11557
11558
11559
1155
11560
11561
11562
11563
11564
11566
11568
11572
11574
11576
11577
11578
11579
11580
11583
11584
11585
11586
11587
11590
11592
11594
11596
11597
11598
11599
1159
11600
11601
11602
11604
11606
11609
1160
11610
11611
11614
11615
11616
11617
11619
1161
11621
11622
11623
11625
11626
11627
11628
11629
11630
11631
11632
11633
11637
11638
11640
11642
11643
11645
11646
11648
11649
1164
11652
11653
11654
11655
11658
11659
11660
11661
11662
11664
11665
11666
11669
11670
11672
11673
11675
11676
11677
11679
1167
11680
11681
11682
11683
11686
11687
11688
1168
11691
11692
11693
11696
11698
11699
116
11700
11701
11702
11703
11704
11706
11708
11711
11713
11714
11716
11720
11721
11722
11723
11724
11725
11726
11727
11728
11731
11732
11733
11735
11739
1173
11741
11744
11746
11747
11748
11749
11750
11751
11756
11757
11758
11761
11762
11765
11766
11769
1176
11770
11771
11772
11777
11778
11779
1177
11781
11786
11787
11789
11790
11792
11793
11794
11795
11797
11798
11799
11801
11802
11803
11807
11809
1180
11811
11815
11816
11818
1181
11820
11822
11826
1182
11831
11832
11834
11835
11838
1183
11840
11842
11843
11844
11847
11849
11853
11855
11856
11859
11860
11861
11862
11865
11867
11868
1186
11871
11872
11873
11874
11875
11877
11878
11879
11880
11885
11886
11887
11888
11892
11894
11895
11898
11899
11902
11904
11905
11907
11909
1190
11910
11912
11913
11914
11916
11919
1191
11920
11921
11922
11923
11925
11927
11929
11930
11932
11933
11934
11936
11938
11939
1193
11942
11946
11947
11948
11949
11950
11951
11953
11954
11957
11958
11961
11963
11966
11968
11969
1196
11970
11971
11972
11974
11976
1197
11982
11983
11984
11987
11989
11991
11992
11993
11997
11998
1199
12000
12001
12002
12004
12006
12009
12016
12018
12019
12021
12022
12023
12024
12025
12028
12029
1202
12032
12033
12035
12036
12038
12039
1203
12040
12041
12042
12046
12047
12049
1204
12051
12054
12058
12059
1205
12060
12062
12065
12066
12067
12068
12069
12070
12072
12074
12075
12076
12077
12082
12085
12089
12090
12093
12095
12099
12101
12103
12109
12111
12112
12115
12116
12117
1211
12121
12126
12128
12129
1212
12130
12132
12134
12136
12137
12138
1213
12140
12142
12143
12145
12146
12147
12149
1214
12150
12153
12154
12158
12159
1215
12162
12165
12166
12169
12171
12172
12173
12174
12175
12177
12178
12179
1217
12180
12181
12183
12188
12189
1218
12190
12191
12192
12195
12196
12197
12198
121
12201
12202
12203
12204
12206
12207
12208
12214
12219
12220
12221
12223
12224
12225
12230
12232
12233
12234
12235
12236
12239
12240
12248
12249
1224
12251
12253
12255
12262
12265
12267
12268
12269
12271
12272
12273
12274
12275
12276
12277
12278
1227
12280
12283
12287
12289
1228
12292
12293
12294
12295
12296
12297
12298
12299
1229
12300
12303
12305
12306
12308
12309
1230
12310
12311
12312
12313
12314
12315
12316
12317
12319
12320
12322
12324
12326
12328
12329
12330
12332
12333
12334
12335
1233
12341
12344
12345
12346
12347
1234
12351
12352
12353
12354
12356
12358
1235
12361
12362
12365
12366
12368
12369
1236
12371
12372
12374
12375
12380
12382
12384
12385
12387
12388
12389
1238
12390
12392
12393
12395
12402
12403
12407
12410
12415
12416
12417
12422
12424
12425
12426
12427
12428
12429
12430
12431
12432
12434
12436
12437
12438
12439
1243
12441
12442
12443
12446
12447
1244
12450
12453
12457
12458
12459
1245
12460
12461
12465
12466
12468
12470
12474
12476
12477
12478
12479
1247
12482
12483
12484
12485
12486
12488
12489
12491
12492
12494
12496
12498
12499
12500
12501
12502
12503
12504
12507
12509
1250
12510
12511
12514
12515
12517
12519
12520
12521
12524
12525
12526
12527
12528
1252
12530
12531
12536
12537
12538
1253
12543
12544
12547
12549
12553
12554
12555
12556
12559
12561
12562
12563
12564
12567
12568
12569
1256
12570
12571
12572
12576
12579
1257
12581
12584
12586
12587
12588
12590
12594
12596
12597
12598
12599
12600
12603
12608
12609
1260
12612
12615
12616
12617
12624
12625
12626
12627
1262
12631
12633
12637
12639
1263
12640
12641
12644
12645
12646
12647
12648
12649
1264
12650
12651
12652
12653
12654
12656
12659
1265
12662
12664
12665
12668
12669
1266
12672
12673
12675
12676
12678
1267
12680
12681
12683
12686
12688
12689
1268
12690
12691
12694
12695
12696
12699
126
12700
12702
12705
12706
12708
12716
12717
12718
12721
12723
12724
12725
12726
12727
12731
12734
12736
12737
12738
12739
1273
12740
12741
12742
12743
12744
12745
12747
12749
12750
12751
12752
12756
12757
12758
12760
12764
12767
12768
1276
12770
12772
12773
12774
12775
12776
12778
12781
12785
12786
12787
12788
12792
12794
12796
1279
127
12801
12802
12803
12807
1280
12811
12814
12815
12816
12817
1281
12820
12823
12825
12827
12828
1282
12830
12831
12832
12836
12837
12838
12839
12840
12841
12842
12843
12844
12846
12847
12848
12849
12850
12851
12852
12853
12854
12856
12857
12859
1285
12860
12861
12863
12864
12865
12868
12869
12870
12871
12872
12873
12876
12877
12878
12880
12881
12882
12884
12885
12887
12889
12890
12891
12898
1289
12900
12902
12903
12904
12906
12907
12909
1290
12910
12911
12913
12915
12919
1291
12920
12921
12925
12926
12927
12928
12929
1292
12930
12931
12932
12934
12936
12937
12938
1293
12941
12944
12945
12946
12949
1294
12950
12951
12953
12954
12955
12956
12958
1295
12961
12962
12963
12964
12968
12969
1296
12970
12972
12973
12974
12975
12976
12977
12980
12981
12983
12985
12986
12987
12991
12998
13000
13002
13003
13004
13005
13006
13008
1300
13010
13013
13015
13016
13018
13019
13022
13023
13026
13027
13028
1302
13030
13031
13033
13034
13035
13036
13038
13039
1303
13041
13044
13047
13049
13050
13051
13052
13053
13054
13056
13057
13058
13059
13061
13064
13067
13069
13070
13071
13072
13073
13074
13077
1307
13080
13081
13082
13083
13086
13088
13089
13090
13091
13092
13093
13094
13095
13096
13097
1309
13100
13101
13102
13104
13105
13106
1310
13111
13113
13114
13115
13118
13119
1311
13120
13121
13123
13126
13127
13128
1312
13130
13131
13136
13138
13139
13140
13142
13143
13145
13149
13151
13152
13153
13154
13156
13157
13158
13161
13163
13164
13166
13169
1316
13170
13171
13172
13173
13175
13176
13177
13179
13180
13181
13182
13184
13185
13186
13187
13188
13189
1318
13190
13192
13193
13195
13197
13198
13199
1319
13201
13202
13204
13206
13207
1320
13211
13212
13213
13217
13219
1321
13221
13222
13224
13225
13228
13231
13232
13233
13234
13235
13237
13240
13241
13244
1324
13250
13252
13255
13256
13258
13259
1325
13261
13262
13263
13264
13267
13270
13272
13273
13274
13275
13278
13279
13282
13283
13284
13285
1328
13290
13292
13293
13294
13295
13298
13299
1329
13300
13301
13305
13309
1330
13310
13311
13313
13314
13315
13316
13319
1331
13322
13324
13325
13327
13331
13332
13333
13335
13336
13338
13340
13341
13342
13343
13344
13349
1334
13350
13351
13354
13357
13358
13359
13360
13361
13362
13363
13366
13367
13369
1336
13370
13373
13376
13377
13381
13384
13386
13387
13389
1338
13390
13391
13392
13394
13396
13398
13402
13403
13404
13405
13408
13409
13410
13411
13413
13416
13417
13418
13419
13420
13423
13425
13426
13427
13429
13430
13431
13432
13434
13435
13436
13438
13439
13441
13442
13445
13446
13448
13449
1344
13450
13451
13452
13454
13456
13458
13459
13461
13463
13464
13466
13467
13468
13469
13470
13471
13474
13475
13476
13477
13478
13480
13481
13485
1348
1349
13502
13512
13524
13527
13528
13545
13552
13553
13555
1355
1356
13571
13589
1358
1359
13601
1362
1363
13643
1364
13673
1368
13698
13700
13708
13717
13719
13726
1372
1373
13740
13744
1374
13751
1375
13766
13767
13768
1376
13774
13775
13778
1377
13783
13787
13810
1382
13840
1384
1385
13887
13888
13890
13898
1389
13903
1390
13921
13939
1393
13955
13959
1395
13962
13966
13969
1396
13970
13971
13986
14008
14014
14015
14029
14038
14040
14048
14057
14058
14059
1405
14061
14069
1406
1407
14082
14083
1408
14092
14093
14099
1409
14115
1411
14128
1412
14132
1413
14149
14176
14177
14181
1418
14191
14217
14231
14234
1423
1424
1425
14261
14266
14268
1426
14271
14276
1427
14296
14298
142
1430
14319
1431
14325
1432
14349
14350
14353
1435
14365
1436
14376
1437
14390
14396
1439
14401
14428
14435
14444
1444
14459
14460
14471
14473
14474
14476
14478
1447
14481
14484
1448
14493
14497
14498
1449
144
14515
1451
14534
14535
14555
14570
1457
14585
1458
14590
14613
1461
14620
14634
14642
14643
14654
14656
14663
14664
1466
14671
14682
14689
14690
1469
14708
1470
14714
14716
14719
1471
14732
14736
1473
1474
14755
14759
14765
14773
14779
14783
1478
14791
14795
14796
14803
14811
1481
14824
14825
14834
14838
14846
14851
1485
1486
14875
14877
14895
14902
14906
14908
14915
1491
14920
14922
14923
1492
14931
1493
14942
1494
1495
1496
14974
14977
14978
14984
14987
14994
14996
14998
1499
1500
15015
1501
1503
15048
15057
15059
1505
15065
15070
1507
1509
150
15105
15108
1511
15120
1512
15131
15133
15138
1513
1514
15152
1515
15167
15177
15190
15197
15198
1519
15209
1520
15218
1521
15225
15226
1522
15231
1523
15240
15244
1524
15251
15252
1525
15265
15268
15269
1526
15274
15275
1527
15280
15289
1528
1529
15310
15313
15318
15321
15323
1532
1533
15340
1534
1535
15360
15369
15371
15375
15377
15379
1537
15398
1539
153
15400
1540
15411
1541
15427
15434
1543
15451
1545
15464
1546
15485
15493
15502
15506
15514
1552
15531
15532
15547
15549
1554
15556
15558
15560
15569
1557
1558
15592
15594
1559
15602
15604
15605
15615
1561
15623
15625
1563
1564
15651
15652
15660
15672
15679
1567
1570
15713
15717
15728
15734
1573
15741
15746
1574
15789
1578
15790
1579
15806
15809
15810
15811
15829
15831
15835
1583
15840
15841
1584
15868
15874
1587
15880
15887
1588
15892
15893
15895
15902
1590
15911
15914
15917
1591
15920
15924
15925
15928
1592
1593
1594
1595
15961
15966
15968
15974
1597
15993
15999
159
16004
16011
16037
16039
1603
16052
16080
16087
1608
16090
16099
1609
16112
1611
16126
16131
16132
1614
16160
16165
16173
1617
1619
161
16207
1620
16216
16222
1622
16237
16240
16255
16257
16267
16269
1626
16280
16284
16286
1628
16298
1629
162
16300
16301
16302
16306
16307
16315
1631
1632
1633
1634
16350
16351
1635
16362
1636
1637
16383
16386
16389
1638
16390
1639
16402
16406
1640
16411
16415
16418
16427
1642
16433
1643
1645
1647
16482
16489
16500
16507
16508
1650
16511
1651
1653
16542
16550
16553
16559
16565
16566
16571
16574
16579
16584
1658
16593
1659
165
1660
16616
1661
16621
16632
16655
16656
1665
1666
16673
16683
1668
16695
16696
16701
1670
16712
16731
16733
16736
1673
16752
1675
16768
16775
1677
1678
16792
16795
16798
16799
167
16800
16808
1680
1681
16823
16828
16829
1682
16831
1683
1684
16853
1686
16877
16878
1687
16880
16881
16891
16896
16899
1689
168
16918
16925
16939
1693
16947
1694
16959
1695
16962
16967
16973
16982
16985
1698
16990
16994
17000
17005
1700
17012
17018
1701
17020
17022
17028
1702
1703
17050
17052
17059
1705
1706
17076
1707
1708
17094
17098
1709
17105
17117
1711
1712
17134
1713
17143
17148
17149
17155
17160
17169
17171
17173
1717
17185
17186
17191
17192
17196
1719
17200
17205
17211
17228
1722
17240
17249
1724
17250
17269
1726
17273
17276
1727
17286
17289
17297
17300
17306
1730
17312
17313
1731
17322
17327
1732
1733
17341
17352
1736
17376
17389
17391
17396
1739
17409
1740
17414
17418
17435
17438
1743
17446
17452
17459
1745
1746
17472
17477
17478
17488
17491
17493
174
17503
17507
1750
17516
17520
17522
17523
17548
1754
17557
1755
17565
17575
17581
17591
17605
17608
17610
1761
17626
1762
1763
17645
17657
17658
1765
1766
17671
1768
17697
17698
17706
1770
17710
17713
17714
1771
17720
17735
1773
17741
17746
17753
17754
17757
1775
17760
17765
17766
1777
17789
17797
1779
17801
1780
17814
17815
1781
17824
1782
17838
17839
1783
17843
1785
17865
1786
1787
17894
17898
1789
17903
17910
17915
1791
17927
17937
1793
17946
1794
17957
1795
17962
1796
17976
1799
18014
18015
18024
18026
18035
18038
1803
18040
18049
1804
18060
18064
18066
1806
18071
18072
18082
18088
18099
1809
180
18106
18108
18109
1810
1811
18129
1812
18137
1813
18146
18151
18157
1815
18164
18167
1816
18170
18176
1818
18194
18199
1820
1821
18222
18227
1822
18232
1823
1824
1825
18260
1826
18278
18287
18290
1829
18302
18307
1830
18311
1831
18336
18344
1834
18350
18353
18356
18361
18363
18383
18386
18389
1838
18394
1839
1840
18417
1841
18421
18427
1843
18442
18444
1844
18465
1846
18471
18472
1847
18486
1848
18490
1849
184
18506
18516
18520
18524
18526
18531
1853
18541
1854
18551
18558
18577
1858
18614
1861
18627
1862
18635
1863
18640
18642
18653
18657
1865
18667
1866
18679
1867
18684
18687
1868
18690
18694
1869
186
1871
18727
1872
18756
18758
18761
18769
1876
18773
1877
18787
1878
18796
1879
187
18802
18804
18806
18815
1881
18820
18825
18826
18829
1882
18832
18835
18837
1883
18842
18850
18851
18854
18856
1885
18870
1888
188
18902
1890
18913
1891
18921
1892
18936
18939
1893
18942
1894
18954
18956
1895
18964
18967
1897
1898
18990
1900
19016
1902
19030
19034
19038
19039
19044
19058
19059
1905
19062
19065
1906
19073
1907
19089
1908
19098
190
19101
1910
19121
1912
19137
1913
1914
19154
1915
19165
1917
19180
19198
1920
19213
19228
1922
19234
1923
19240
1924
19251
19256
1925
19266
1926
19277
19279
1927
1929
192
1930
1931
19322
1932
1933
19348
1935
19360
1937
1939
193
19406
19410
19411
19414
19420
1942
19455
19461
19463
19467
1946
19473
1947
19488
1948
19492
19503
19509
1950
19525
1952
19530
19532
19535
1953
19540
19545
19546
19553
19559
1955
19567
19568
1957
19587
1958
1959
195
1960
19615
1961
19623
1962
19639
1963
19648
19649
1964
19658
1965
1966
19680
1968
19694
19697
1970
19712
1972
19735
19740
19741
19746
19756
19757
1975
19765
1976
1977
1978
1979
197
1980
1981
1983
19847
1984
19851
19852
19857
1985
19872
19883
19887
19895
19907
19908
1990
19915
1991
1992
19932
1993
19941
19959
1995
19964
19976
1997
19999
1999
20000
20005
2000
20013
20037
2003
20044
20045
20051
20058
2005
20061
20063
2006
20072
20075
2007
20080
2008
20093
2009
20103
20108
2010
2011
20121
20129
2012
20130
20140
20141
20143
20149
20161
20167
2016
2017
20180
20186
20189
2018
20195
2019
20204
2021
20224
20233
20238
20240
20245
2024
20252
20255
2025
2026
20284
20287
20288
20290
20292
2029
20307
2030
20331
20332
20333
20335
2033
20340
2036
20371
20374
20375
20376
2037
20384
20388
20399
20401
20404
20410
20419
2041
20426
2042
20435
2043
20446
2044
20453
20460
2047
20489
2049
20515
20518
2051
20526
20528
20532
20536
20542
20544
20556
20565
2056
2057
20584
20590
20596
2059
205
20605
20609
2060
20618
2061
2062
20634
2063
20640
20659
2065
20666
20667
2068
20692
206
20703
20709
2070
20719
2071
20724
20729
20730
2073
2074
20750
20758
2076
2077
20785
2079
20801
20806
2080
20811
20813
2082
20833
20836
2083
2084
20857
2085
2086
20877
2087
20888
2088
20892
20896
20919
20927
2092
2093
2095
2096
20973
20975
20982
20995
20997
20998
2099
2100
21010
21012
2101
21028
2102
21031
21036
21044
21053
2105
21065
21069
2106
21083
2108
2109
210
2110
21115
2111
21121
21124
2112
21146
21148
2116
2117
21184
21186
21189
2118
21191
21202
21204
2120
21213
21214
2122
21231
21239
2123
21241
21250
2126
21275
2128
21291
21296
2129
2130
21316
2131
21332
2133
2134
21355
21362
21365
21369
21379
2139
21406
21413
2141
21421
21422
21423
21426
21440
21442
21450
21458
2145
21461
21464
21469
2146
21472
21474
2147
21487
21489
21491
2149
214
21504
2150
21511
21514
2152
2153
21541
21551
21563
2156
21579
21582
21593
21599
2159
21602
21604
2160
21614
21615
21618
21621
21625
2162
2163
21643
2164
21656
21662
2166
21678
2167
2168
21698
21706
21707
2170
2171
2172
21745
2174
21750
21754
21768
2176
21787
2178
21798
2179
21809
21812
21823
2182
21839
21843
2185
21863
21869
2186
2188
21897
2189
218
21900
21902
21903
2190
21919
2191
21939
2193
21944
2194
21955
21957
21958
2195
2196
21973
2197
21983
2198
21992
2199
219
2200
22021
22026
2202
22034
22036
22044
22046
2204
22053
22059
2205
22063
22076
2207
22088
22094
22095
22096
22097
2209
22109
2210
22117
2211
22121
22124
2212
22130
22133
22139
22149
2214
22157
2215
22168
2217
22182
22186
22187
2218
22197
2219
22203
22205
2220
22211
22212
22216
2221
22223
22226
2222
2223
22247
2224
22251
2225
22267
2226
22270
22274
2228
22291
22297
22298
22299
222
22301
2230
22319
22320
2232
22336
22344
22353
22356
2235
22361
2237
22388
22394
22395
223
22408
2240
2242
22439
22440
22446
2244
22458
2245
22463
2246
22473
2250
2251
2252
2253
2254
22562
2256
2257
22586
2258
22599
22603
22609
22612
22613
22615
2261
22623
22625
22635
22639
22641
2264
22650
22653
22654
22658
2266
22678
2267
22685
22694
2269
22705
22706
2270
2271
22724
2272
22737
22738
22759
2275
22767
2276
2277
22781
2278
22794
22796
22802
22810
2281
2282
22832
22839
2283
2284
22854
22855
2285
228
22911
22916
2291
22929
22931
2293
22942
2294
22958
22959
2295
22963
22968
2297
22983
22988
2298
2299
23004
23014
2301
2302
23030
23031
2304
23057
2305
23069
2306
23071
23084
2308
2309
230
2310
23115
2312
2313
23149
23154
2315
23161
23163
23169
2316
23171
23181
23188
2318
2319
23203
2321
2322
23237
2323
2324
2325
23263
2330
23321
23332
23336
2333
23342
23346
23347
23350
23359
2335
23363
23372
2337
23387
23388
2338
23398
2339
233
23405
23409
2340
23431
23435
23446
2345
2346
2347
23480
23483
2348
2350
23512
23513
23514
23515
23518
23520
23526
2352
23541
23542
23544
23549
2354
23551
2355
2356
23573
2357
2358
23595
23599
2359
2360
23628
2362
23636
2363
23644
23658
2365
23668
2366
2367
2368
23697
23699
2369
236
23700
2370
2371
2372
23734
2373
23752
2375
23760
23764
2376
2377
23786
23789
2378
23797
23809
2380
23817
23819
23820
23827
23839
23841
23846
2384
23850
2385
23862
2386
2387
2388
23890
2390
23910
2391
23927
23933
23943
23948
2394
23955
2395
23976
23978
2398
23999
2399
23
24004
2401
24020
24024
24027
2402
24034
24047
2405
24064
24069
2406
24070
2407
24082
24088
2408
24091
240
24101
2410
2411
24124
24127
2412
24148
2414
24152
24157
2416
24173
24182
24183
2420
24211
24212
2421
24235
24239
2423
24244
2424
24259
2425
24262
24268
2426
24270
24281
2428
24294
2429
24306
24308
24309
2430
2431
24320
24321
24330
24334
2433
24343
24355
2435
24360
2437
24389
2439
2440
24411
24414
2441
24420
24434
24436
24446
24458
2445
2446
24486
24487
2448
24495
24500
24501
24507
24524
24532
24538
24548
24555
2455
2456
24573
24577
24579
2457
24596
2459
24601
2460
2461
24622
2462
24648
2464
24654
24669
2466
24689
24690
24697
2469
24703
24707
24709
24715
2471
2472
24736
24737
2473
24743
24744
24745
24748
24752
2475
2476
24771
2477
24781
24806
24807
2480
24820
24826
2482
24837
24839
2483
24846
2484
24867
2486
24870
24871
24876
24877
2487
24880
24886
24888
2488
24897
2489
24908
24915
24917
24938
24940
24943
24949
2494
24956
24958
24963
24969
2496
24980
24986
2498
24994
2499
2500
25022
25025
25033
2503
25043
25044
2504
25053
2505
25092
25096
25099
2510
2511
25134
25139
2513
2514
25163
2516
2518
2519
25201
25203
2520
25216
2521
2522
25230
25237
25238
2523
25241
2524
25250
25251
25257
25258
2525
25269
25273
2527
2528
2529
25302
2530
25312
25318
25319
2531
25323
2532
25336
2534
25350
25354
25358
2535
25373
25376
2537
25383
25385
2538
2539
25402
25413
25425
2543
2546
25473
25479
2547
25480
2548
25490
25497
25499
254
25509
25510
25512
2551
25523
2552
2553
25542
25554
2555
2557
2558
25590
25591
25596
2559
2560
2561
2562
25636
2563
25641
2564
25655
25662
25664
25680
25685
2568
25690
25704
2570
25712
25726
2572
25739
2573
25741
25754
25757
25759
2575
25764
25765
2576
25775
257
25806
2580
2581
25821
25824
25833
25837
2583
2584
25855
25856
2585
25864
25866
25870
25885
25887
2588
25897
2589
25904
2590
25920
25926
2593
2594
2595
25960
25961
25974
25977
2597
25985
25986
25987
25990
25991
25995
2599
259
26001
26003
2600
26010
26013
2601
26023
26035
2603
2604
26055
2605
26061
26070
2607
2608
26096
2609
26102
26108
2610
2611
2612
26141
26146
2614
2615
2616
2617
26182
2619
26201
26205
26209
2620
26216
2621
26236
26238
26239
26242
26248
2624
2626
2627
26284
26288
2628
26291
26296
2629
26303
2630
26315
2631
2632
26340
26352
26357
2635
26361
26377
2637
26381
2638
26397
2639
26402
2640
26411
26417
2641
26421
2642
2643
2644
26452
2645
2646
2648
26492
26493
26498
2649
26504
26505
26513
26518
26521
2652
2653
26544
2654
26550
26576
26581
26589
2658
26597
26603
26606
2660
26611
26618
26629
2662
26630
2663
2664
2666
2667
26687
2668
26693
26699
2669
266
26710
2671
26731
2673
26757
2675
26765
26769
26777
26779
2677
26780
2678
26793
26794
26795
2679
2680
26816
2681
26823
26824
26827
26829
2682
26839
26849
2684
26850
26857
26859
2685
2686
2687
26882
26891
2690
26929
2692
26933
26939
2694
2695
2696
26971
26973
26974
26978
2697
2698
26998
269
27006
27023
2702
2703
27058
2705
2706
2707
27085
27087
27089
2708
27094
27097
2709
2710
27118
2712
2713
27140
27145
27148
2714
27156
2715
27162
27177
2717
27181
271
2720
27211
27212
27218
2721
27228
2723
2725
27265
2726
2727
27282
2728
27297
2729
27304
27307
2730
27315
2732
27331
27336
2734
27357
27361
27366
27369
2736
27370
27375
27389
2738
2739
273
27407
27411
27413
2741
27441
27444
2744
2745
27467
2746
27480
27484
2748
274
27502
2751
2752
2755
27566
2756
27570
27571
27575
27577
2757
2758
275
27602
2760
27617
27626
2762
27634
2763
27640
27643
27647
2764
2765
27661
27666
2766
27672
27691
27692
27693
27698
276
2770
27714
27715
2771
27720
27722
27728
2772
2773
27741
27743
27756
2775
2776
27772
2777
27784
27787
2778
27790
27791
27793
2779
277
27803
2780
27812
2781
27824
27828
2782
27831
2783
27840
27846
2784
27851
27854
27859
2785
2787
27884
2788
27894
27899
2789
27904
27918
2791
2792
27939
2794
2795
27964
27972
27985
2798
2799
279
28004
28005
28009
28010
28012
28019
2801
28028
28029
28035
2803
28044
28048
28051
28057
2805
28061
28066
28075
28076
28079
2807
28083
28084
2808
28100
28105
2810
2811
2812
2813
2814
28154
2815
28161
28168
28173
2817
28184
2818
28190
28192
28198
281
28206
2820
2822
28232
28233
2823
28247
28255
28263
28273
28274
2827
28281
28285
28286
2828
28295
2829
28306
28321
28335
28349
2834
28356
28361
28370
28377
2837
28384
28399
2840
28410
2841
2842
2843
28447
2844
28454
28456
2845
28464
28479
2847
2848
28491
28496
28498
2849
284
2850
28513
28514
28518
2851
28530
28536
28537
28556
2855
28567
2856
28577
2857
28582
28588
2858
28590
2859
2860
2861
28626
2862
28630
28633
28639
2863
28647
2864
28650
28659
28666
28669
2866
2867
28682
28698
2869
286
28700
28708
2870
28713
28714
2871
28720
28725
28726
2872
28736
2873
2874
2875
28772
28778
2877
28785
28788
2878
28790
28804
28809
2880
28817
28820
28825
28828
2882
28838
28854
2885
2886
28884
28885
2888
2889
28900
28906
28909
2890
28914
28917
28919
28920
2892
28937
2893
28948
28953
2895
28966
28972
28975
28976
2897
2899
29006
2900
29011
29012
29031
29036
2903
29048
2904
29058
2905
29063
29073
2907
29087
2909
290
29101
2910
29110
2911
29122
29123
29124
29127
29138
2913
29140
29168
29169
2916
29176
2918
29190
29195
29199
29208
29224
2922
2923
2924
29250
29251
29252
2926
29271
2927
2928
29293
292
2930
29313
29319
29329
29332
29335
29338
2933
29341
2935
29370
29377
29378
2937
29382
2938
29394
29409
29424
2942
29436
29437
2943
29446
29449
29464
2946
2947
29483
29489
2948
29490
2949
29504
29505
2950
2952
2953
29547
2954
29550
29559
29568
2956
29572
29578
2957
2958
29597
295
29601
29605
2960
29610
29611
29619
29626
29633
29647
29654
29656
29659
2965
29664
29667
2966
29672
29677
2967
2968
29694
2969
2970
2971
29720
29728
2973
29744
29746
2974
2975
29762
2976
29770
29771
29795
297
29802
2982
29842
2984
29852
29856
2985
29860
29862
29868
2986
29873
29883
29884
2989
29904
2990
29918
29929
2994
2995
29965
2996
2997
29981
29982
30007
30013
30023
3002
30038
3004
3005
30072
30076
3007
30099
30103
3010
30125
30135
3013
30142
30146
30149
3014
30151
3015
3016
30172
30173
30175
3017
3018
30193
3020
30217
30218
30220
30227
30228
30235
3023
30245
3024
30251
30275
3027
30282
30284
3028
302
30302
3031
30325
3032
30361
30363
30365
3036
30379
3037
30386
30389
3038
30390
30393
30399
30412
30415
30426
30428
30431
30433
30439
3043
3044
30457
3045
30462
30475
3047
30499
3049
30504
3050
30512
30514
3051
30524
30525
30529
3052
3053
30549
3054
30561
30569
3056
30576
3057
30580
3058
30598
3059
30605
3060
30611
30617
30620
30654
3066
30677
30685
3068
30698
3069
30703
3071
30732
3073
30744
30751
3075
30766
30770
3077
30780
30789
30793
30795
30802
3080
30812
30819
30821
30822
3082
3084
30854
30858
3085
3088
3090
30917
3091
30924
30925
3093
30945
30948
30953
30961
30964
30970
30972
30975
30988
3098
31008
3100
31010
31012
31015
3101
3102
31035
3103
31042
31050
31053
31054
31056
3106
3107
3108
31098
3109
31101
31115
3111
3113
31150
3115
31161
3116
3117
31189
31193
31194
3119
311
31209
3120
31215
31223
3123
31248
3124
31255
3125
31264
31265
31270
31277
3127
3128
31297
3129
31302
31307
31316
31321
31336
31338
3133
31354
31359
31362
31363
31374
3137
3138
31394
3139
3140
3141
31429
3142
3143
31443
3145
31460
31462
31465
31467
3146
3147
31491
31494
3149
31505
31506
31508
31509
31511
31517
31527
3152
31539
31548
3154
3155
31581
3158
31591
31594
3159
315
31605
31606
3160
31610
3161
3163
3164
31650
31654
31667
3166
31672
31679
3167
31680
31681
3168
31695
3169
3170
3171
3173
3174
3175
31762
3176
3177
31785
31786
3178
31791
31797
3180
3181
31824
3182
31836
3183
3184
31856
3185
3186
31871
3188
3189
3190
31910
31913
31915
31916
31919
3192
31951
31952
31953
31960
31962
3197
31981
31985
3198
31994
32000
32004
32007
3200
32013
32019
3201
32022
32027
3202
3203
32041
32048
3204
32057
3205
32061
32062
3206
32086
3208
320
3210
32117
3211
32123
32125
32128
3212
32133
32147
32149
3215
32161
32165
32173
32177
3218
32192
32193
32195
32199
3219
32205
3220
32212
3221
32225
32227
3222
32245
3224
32251
32252
32257
3226
32278
3227
32287
3228
32290
32298
3229
32301
32312
32313
3231
32322
3232
3233
32347
32348
3234
32354
3235
32369
3236
32374
32375
32378
3237
32386
32387
32388
3238
32398
3239
32404
32408
3240
3241
32421
3242
32438
3243
32442
3244
32458
3245
32460
32461
32462
3246
32479
3247
32485
32489
3248
3249
324
3250
32515
3252
3253
32540
32542
32547
3254
32559
3255
3256
32596
3259
32601
32607
3260
32615
32620
3262
32639
3263
32640
32652
3265
3266
32682
3268
32694
32695
32699
326
3270
32715
32719
3271
32725
3272
32740
3274
32750
3275
32771
3277
32782
3278
32798
3279
32800
32808
3280
32813
3282
32831
32835
32846
3284
32851
32853
3285
32863
3286
32873
32876
32897
3289
3292
32931
3293
32951
32955
32956
3295
3296
32975
32976
32980
3298
32995
33007
33009
3300
33010
33011
33014
33015
3301
33022
33031
3303
3304
33053
33055
3305
33069
3306
33094
33097
3309
330
33109
3310
3311
3312
33130
33137
33139
33141
3314
3316
33179
33181
33186
3318
33193
3319
3320
3321
3322
33233
33235
33237
3323
33243
33248
33255
3325
33271
3328
33290
33296
3329
3330
33323
33329
3332
33330
3333
33340
33344
33351
33364
33366
3336
33371
33374
3337
33386
33388
3338
33392
33395
33401
33409
3341
33422
3342
33438
3343
33444
3344
33452
3345
33469
3346
3348
33497
3349
3351
3353
33541
33543
33546
33548
3354
33554
33556
3355
33563
33567
33569
3356
33577
33578
3357
33586
3358
33592
33594
3360
33618
3361
33621
33623
3362
33647
33648
33650
33665
3367
33686
3368
33692
33696
3369
336
3371
33729
3373
3374
33754
3375
33765
3376
3377
33781
33782
33789
3379
337
33807
33819
3381
33823
33837
33841
33842
33846
33854
33855
33857
3385
3388
33890
33891
33903
3390
33912
33915
3391
33929
33939
3393
33943
3394
33954
3395
33973
33979
33989
3398
33992
3399
34005
3402
34033
34036
34038
34055
34058
34068
3406
34073
34079
3407
34083
34087
3408
34093
34097
3409
34101
34102
3410
34117
34123
34128
3412
34149
3414
34152
34154
3415
34168
3416
34189
341
34201
34203
34209
3420
34228
3423
34246
34267
34268
34269
34273
3427
34288
3428
342
34304
34305
34307
3430
3431
34321
3433
34342
34347
34348
34355
34357
3435
34361
34374
3437
3438
34394
343
34402
34405
3440
34410
34421
3442
34430
34437
34443
3444
34450
34456
3445
34472
34473
34474
3447
34484
34486
34511
3451
34531
3453
3454
3455
34562
3456
34575
3457
34589
3459
3460
34617
3461
34627
3462
34631
3464
34658
34660
34664
34667
3466
34675
34676
3467
34685
34686
34687
3468
3469
346
34707
3470
34716
3471
3472
34736
34737
3473
34742
34744
34749
3474
34769
3476
34783
3478
3479
34800
3480
34814
34819
3481
34824
3482
34837
34855
3485
34863
3486
34879
3487
34882
34886
3488
3489
348
34919
3491
34929
3492
34931
3494
34962
34964
3496
34972
34981
3498
34997
34999
3499
35009
3501
35022
3502
35036
35044
35047
3504
35050
3505
35069
3507
35087
35094
35096
35099
3509
35100
35103
35106
3510
3511
35154
35155
35156
35164
3516
35179
3517
3518
35190
35192
3519
3520
35212
3521
35220
3523
35242
35243
3524
35261
3528
35293
3529
352
3530
3531
3532
35330
35338
3533
3534
35353
35354
35357
3535
35375
3537
3538
35390
35394
35399
3539
353
3540
35410
35423
3542
35435
3543
35443
35450
35451
35458
35470
35479
3547
3548
35493
35499
3549
354
35500
3550
35512
3551
35523
35526
3553
3554
3555
35561
3556
3561
35630
35637
35638
35639
35644
3565
35669
35675
3567
35683
3568
35694
3569
356
35709
3570
3571
35735
3573
35748
35749
3574
3575
35768
3576
3577
3578
3579
357
35800
3580
3581
3582
3583
3584
35858
3585
35867
3587
3588
35895
35898
3589
3590
35926
35927
3593
35944
35948
35949
3594
35953
35958
3595
3597
3598
3599
3600
3601
3602
36033
3603
36047
3604
36065
36066
36070
3607
36081
36084
3608
36090
360
3610
36112
3611
36123
3612
3613
3614
3615
36163
36164
3616
36176
36179
3617
3618
361
3620
3621
36220
36231
36234
36236
3623
36250
36263
36266
3626
36270
36272
36280
36286
3628
36303
3630
36314
3631
36327
3632
36331
3634
36362
36368
36377
36379
3637
36386
36392
36396
36407
3641
36422
36433
3643
3644
36451
3645
36473
36479
3647
36489
36491
36494
3649
36503
3650
3651
36520
36534
3653
3654
36551
3655
36565
3656
36574
36575
3657
36584
3658
36591
36593
36597
3659
3660
3661
36620
3662
36638
3663
36640
36645
3664
36658
36659
3665
3667
3668
36694
36695
3669
366
3670
36712
36718
3671
3672
36738
3673
3674
3675
3676
36772
3677
36787
3678
3679
3680
36819
36821
3682
36833
36835
36837
36838
3684
36858
36860
36865
36871
36880
36882
36885
3688
36894
3689
36910
36914
36929
3693
3694
36959
3695
36961
36972
36979
36982
36988
3698
3699
3700
37012
37026
3702
3703
37044
3704
37053
3707
37082
3708
37090
3709
370
37100
37106
3710
3712
37130
37131
3714
37178
3717
37180
37185
3718
37197
37208
37214
37221
3723
3724
37253
37254
37263
37266
3726
37274
3727
37288
3728
37292
3729
37300
37307
37308
37309
3730
37314
37326
37329
3732
37335
3733
37340
3734
37362
37363
37372
3737
37387
37392
3740
3741
37423
3742
37430
3743
37440
37441
3744
37459
3745
37465
37471
37472
37477
37486
37494
3749
37506
37511
37513
37515
37516
37518
37519
37524
37527
3752
37532
3753
37540
3755
37567
3756
3758
3759
3760
37613
37636
3763
37641
37650
3765
37663
37665
37671
37674
3767
37682
37691
37695
3769
3770
37715
3771
37736
37740
37741
37747
3774
3775
3776
37793
37802
37804
3780
37816
37817
37825
3782
37831
3783
37842
3784
37850
37854
37863
3786
3787
37881
3788
37896
37897
37901
37903
37905
3790
3791
37937
3793
3794
3796
3797
37983
3798
379
3800
38010
3802
38030
38045
38046
3804
38054
38072
38081
38085
3809
38107
3811
3812
3813
38146
38154
38155
38170
38172
3817
38183
3818
38193
38199
3819
38201
38204
38206
38209
3820
38212
38218
3821
3822
3823
38242
38245
3824
38251
38256
38258
38261
3827
38288
38289
38291
38297
38311
38313
38316
3831
38327
38337
38343
3834
38351
3835
38364
38368
3836
38371
38379
3837
3838
38394
3839
383
3841
3842
38430
38440
3846
38477
38478
38484
3848
38494
38495
3849
384
38510
3851
38525
38529
3852
3853
38550
3856
38570
3857
3858
38590
3859
38608
3860
38631
38634
3863
38648
3864
38672
38673
38677
3868
38696
38699
38715
38716
38723
3873
38748
3874
38751
38755
3875
38763
38774
38776
3877
3878
38790
38794
38803
3880
38818
3882
38831
38837
38839
3884
38851
38853
3885
38862
38865
3887
3888
388
38903
3890
38919
3891
38922
38924
38925
3892
3893
38962
38967
38971
38977
3897
38981
3898
38999
3899
39007
3900
39021
39023
39028
39036
3903
39042
39048
39049
39060
39066
3906
39074
39080
39095
39099
3909
39116
39117
3911
3912
39151
39155
39159
3915
39162
39173
3918
3919
3920
39219
39236
39238
3923
39240
39241
39243
39245
3924
39256
3925
39262
3926
39281
39283
3928
39295
39298
3929
39303
39318
3931
39322
3932
39333
39336
39341
39342
39348
3934
39358
3936
39377
3937
39397
39399
3939
393
39401
39403
3940
39413
39415
3941
3942
39445
3945
39464
39471
39476
3949
39503
3950
39522
39524
3952
39535
39538
3953
3954
39564
3956
39576
3957
39586
39587
3958
3959
395
39608
3960
39610
3961
39620
39628
3962
39632
39635
39639
3963
3964
3965
39666
39673
39678
39686
3968
3969
396
39708
3970
39715
3972
39730
39739
3973
39744
3974
3975
3976
39773
39779
3977
3978
39795
3979
39808
39818
3981
39821
39822
39827
3982
3983
39847
3984
39854
39863
39865
3986
3987
3988
39891
3989
39902
3990
39919
39938
39942
3994
39951
39954
39957
39971
39984
39997
39999
40000
40006
40008
4001
40023
40031
40033
40034
40040
40041
40042
4004
40054
40063
40066
4006
40077
40084
4009
40106
40109
4010
4011
40135
4013
40140
4014
40151
40156
4017
4018
40193
40194
401
4020
40214
4021
40234
40238
4023
40242
4024
40256
40258
4025
40272
40276
4027
40284
40285
40289
40292
40294
40295
4029
40301
4030
40314
4031
40337
4033
40349
4035
40361
40376
4037
40381
40384
40390
40402
4040
40416
4042
40434
4043
4044
40464
40469
4046
40473
40482
40486
40487
40488
40489
4048
40493
40498
4049
4050
40527
4052
40548
40556
40564
40565
4057
4058
4059
405
40604
40605
40607
40619
4061
4062
40630
4063
40640
4064
4065
4066
4067
40682
40684
4068
40708
4071
40738
4074
40757
4075
40760
40761
40764
4076
40775
4077
40781
40784
4078
40798
4079
407
40800
4080
40810
40819
4081
40828
4082
40830
4084
40855
40856
4085
40862
4086
4087
4089
4090
4091
40920
40922
40929
4092
40936
40938
4093
4094
40953
4095
40968
4096
40974
40977
40978
4097
40983
41001
4100
4101
41039
4103
4104
4105
41064
4106
41076
41078
4107
41081
41089
4108
41097
4109
4110
4111
41120
41125
4112
4113
41144
4114
41151
41157
4115
41183
41184
4118
41201
4120
4121
4122
41239
4123
41240
41242
41246
4124
4125
4126
41275
41278
41282
41287
4128
41298
4129
41317
41321
4132
41334
4133
41341
41344
41347
4134
41362
4136
41375
4137
4138
41393
41395
4139
4140
41413
4143
4144
41450
41452
41473
4147
41489
4149
4150
41510
4151
4152
4153
41548
41556
41557
4155
4156
41584
4158
4159
41610
41615
41620
4162
41630
41631
41639
41643
41645
41648
4165
4166
41673
41675
41702
41705
4170
4171
41728
4172
4173
41752
41762
41770
4177
4178
41791
41796
4179
41815
4181
4182
41830
4183
41841
4184
41856
4187
4188
41892
41897
41898
4189
41906
41917
4191
4192
4194
41952
4196
4197
41982
4198
419
42001
42006
42007
4200
42013
42014
42019
4201
42023
42026
42032
42033
42037
42040
42042
42043
4204
4205
42065
4206
42070
42071
42073
42082
4208
42096
4209
42102
4210
4211
4212
42137
42140
4214
4215
42167
42174
4217
42189
4218
42195
4219
421
4220
42214
42218
4221
42220
42222
4222
4223
42249
4224
42259
4226
42270
42271
4227
4228
4229
42302
42305
4230
4231
4232
42348
42376
4238
4240
42415
4241
4242
42431
42437
42439
4244
4245
42461
42468
4246
4247
4248
42494
42496
4249
424
42500
42507
4250
4252
42538
4253
42545
42548
42555
42557
42558
4255
42561
42566
4256
4257
4258
4259
42602
42606
4261
42621
42625
42628
42638
4263
4264
42651
4266
42679
4267
42681
42688
4268
42696
4269
4270
4271
4272
42733
42739
4273
4274
42753
42755
4275
4276
42775
42776
42778
4277
42784
42794
4279
4280
42813
42816
4281
42821
42826
4282
42833
4284
42858
4285
42869
4286
42876
42878
4287
42880
42881
42882
42884
4288
42890
42905
4290
42915
42918
42929
4292
42936
42947
42948
4294
4295
42964
42969
42975
4298
42995
4299
429
43001
4300
4301
43025
43029
4302
43046
4304
43053
43058
43059
4305
43064
43067
43073
43077
43080
43081
43085
4308
4309
43107
4310
4311
4312
4314
43159
43169
4316
4317
4318
4319
43208
4320
4321
4322
43231
43237
43240
43248
43262
43263
43265
4326
43278
43280
43286
43289
4328
43292
43295
43296
4329
432
43302
43312
43315
4331
4332
4333
43346
43358
4335
4336
43379
4337
43381
43386
4339
43405
4340
43421
43427
43430
4343
43445
43448
4344
43462
4346
43474
4347
43485
43492
4349
43505
4350
4351
43525
4352
4353
43546
4354
43551
43558
4355
43569
43579
43583
43585
4358
43599
4359
43602
43603
43607
43609
4360
43612
4361
43620
4362
43633
43634
43636
4363
43642
4364
43652
43672
43682
43689
4369
4370
43713
43721
4372
43739
4373
43741
43748
4374
43760
43767
4376
43773
43774
4377
43781
43782
43793
4379
43800
43803
43808
43809
43811
4381
43824
43828
4382
4383
43844
4384
43852
43854
4385
43865
4386
43871
43874
43875
43879
43888
4388
43896
4389
43903
43909
43913
4391
43925
43927
43929
4392
43930
43933
4393
4395
43977
4397
43983
43988
4399
44004
44007
44014
4401
4402
44042
44055
44059
4405
44065
4407
44082
44083
44084
4408
44091
44092
44095
44097
44099
4409
44103
44110
4411
44128
4412
4413
4414
44156
44157
44166
4416
4417
44195
4419
44207
44213
44214
44220
44225
4422
44231
44232
44246
4424
4425
44262
44266
4426
44288
4428
44290
44295
4429
4430
44313
4431
44324
44334
4433
44344
4435
44361
44368
4436
4437
44383
44386
44399
4439
4441
44439
4443
4444
44461
44463
4446
4447
44481
4448
44495
4449
444
44500
44511
44515
4452
44537
44538
4453
44549
4454
44551
44554
4455
4457
44586
4458
44592
44599
445
4460
44612
4461
44627
4462
44637
44639
4463
4464
4465
44660
44661
44664
44669
4466
44670
4467
44680
44686
4468
44690
4469
44703
4470
44715
4471
44727
44728
44742
4474
44757
44766
4476
44771
4479
4480
44811
44813
44815
4482
44834
44838
4483
44842
44848
44850
44856
4485
44861
44868
4486
44872
44879
4487
44883
4488
44903
4490
44913
4491
4495
44961
4496
44979
44980
44989
44990
44996
4499
45001
4500
45011
45012
45025
4502
4503
45040
4504
45068
4506
45080
45082
45084
45108
4510
45113
45123
45125
4512
45138
4515
45164
45168
4516
45176
4517
45196
4520
4521
45224
45230
45232
4523
45241
4524
4525
45260
45262
45266
45269
45272
45279
4527
45285
4528
45291
4529
452
45302
45313
45317
45319
45320
45330
45339
4533
45340
45342
4534
45353
4535
4536
4537
4538
4539
4541
4542
4545
4546
4547
4548
4549
454
4550
4551
4552
4553
4555
4558
455
4561
4563
4565
4567
4568
4569
456
4572
4573
4575
4576
4577
4579
4580
4581
4582
4585
4586
4587
4588
4590
4591
4592
4593
4595
4600
4601
4602
4603
4604
4605
4606
4609
460
4612
4613
4614
4615
4616
4617
4619
461
4621
4622
4624
4625
4626
4627
4629
4630
4631
4632
4633
4634
4635
4639
463
4640
4641
4642
4643
4644
4645
4646
4647
4649
4650
4653
4654
4656
4659
465
4660
4661
4662
4665
4667
4669
466
4670
4671
4672
4673
4674
4679
467
4680
4681
4682
4683
4684
4686
4687
4688
468
4690
4691
4692
4693
4695
4697
4698
4699
4700
4701
4703
4706
4708
4709
4710
4711
4712
4713
4714
4716
4717
4718
4719
4720
4722
4723
4725
4726
4727
4730
4731
4732
4734
4735
4736
4737
4738
4740
4741
4743
4744
4746
4747
4748
4749
4750
4752
4753
4754
4755
4756
4757
475
4760
4763
4764
4765
4766
4768
4769
476
4770
4771
4772
4773
4774
4775
4776
4777
4778
4779
477
4780
4782
4783
4784
4787
4788
4789
4790
4791
4792
4795
4796
479
4800
4803
4804
4806
4807
4808
4810
4813
4814
4816
4817
4818
4820
4822
4824
4826
4827
4828
4829
4832
4833
4834
4835
4837
4838
4839
4840
4841
4842
4845
4846
4847
4848
4849
4851
4852
4853
4854
4855
4856
4857
4859
485
4861
4862
4863
4865
4866
4867
4869
4870
4871
4872
4873
4875
4876
4877
4878
4880
4882
4883
4886
4887
4889
4890
4892
4895
4896
4898
4900
4901
4904
4911
4912
4913
4915
4916
4918
4919
4920
4921
4923
4925
4926
4927
4928
4929
4930
4931
4932
4933
4935
4936
4937
4939
493
4940
4942
4943
4948
4949
4951
4952
4953
4954
4955
4956
4957
4961
4962
4963
4964
4965
4967
4968
4970
4973
4979
4981
4982
4984
4985
4986
4987
4988
4989
4990
4991
4995
4997
4998
4999
4
5000
5002
5003
5005
5006
5007
5008
5010
5011
5012
5015
5017
5018
5019
501
5020
5021
5022
5023
5025
5026
5029
5033
5035
5037
5038
5041
5042
5043
5044
5046
5047
5048
5049
504
5051
5052
5053
5054
5055
5057
5058
5059
5060
5061
5062
5064
5065
5066
5067
5068
5069
5070
5071
5073
5074
5075
5076
5077
5078
5079
507
5080
5081
5082
5083
5084
5086
5087
5088
5089
5090
5091
5092
5093
5094
5096
5098
5099
509
5101
5102
5104
5105
5106
5107
5108
5109
5111
5113
5114
5115
5116
5119
5120
5123
5126
5127
5128
512
5130
5131
5134
5135
5136
5137
5138
513
5141
5142
5143
5146
5148
514
5150
5152
5153
5154
5155
5158
5159
5160
5162
5164
5165
5167
5169
5170
5172
5173
5174
5176
5178
5179
5180
5181
5182
5183
5184
5185
5188
518
5190
5191
5192
5194
5195
5196
5198
519
5200
5202
5203
5204
5207
5208
5209
520
5210
5211
5212
5213
5214
5215
5216
5217
5218
5219
5220
5222
5223
5225
5227
5229
5230
5231
5232
5233
5234
5237
5240
5241
5242
5243
5244
5245
5248
5250
5251
5252
5253
5254
5256
5257
5258
5259
5260
5261
5264
5265
5267
5268
5269
5270
5272
5273
5274
5275
5277
5278
5279
5280
5283
5284
5285
5287
5289
5290
5291
5292
5293
5294
5296
5297
5298
5300
5301
5302
5303
5304
5305
5307
5309
5310
5312
5313
5314
5318
5319
5321
5322
5324
5325
5326
5329
5330
5331
5336
5337
5339
533
5340
5341
5342
5343
5344
5345
5347
5348
534
5350
5351
5352
5355
5357
535
5361
5362
5363
5364
5365
5366
5367
5370
5372
5373
5374
5375
5378
537
5380
5382
5384
5387
5388
5389
538
5390
5392
5393
5394
5395
5396
5399
539
5401
5404
5405
5406
5407
5410
5411
5413
5414
5416
541
5420
5422
5424
5425
5427
5428
5429
5430
5431
5433
5434
5435
5437
5438
5439
5440
5444
5445
5446
5447
5451
5452
5453
5454
5457
5458
5459
5460
5461
5462
5467
5469
5471
5472
5473
5475
5477
5479
5480
5481
5483
5485
5488
5489
5490
5492
5493
5495
5497
5498
5499
549
5500
5501
5503
5504
5505
5513
5514
5516
5519
5521
5523
5524
5527
5528
5529
5531
5533
5535
5536
5537
553
5540
5542
5544
5545
5546
5547
5549
554
5552
5553
5554
5555
5556
5557
5559
555
5560
5561
5562
5564
5566
5568
556
5570
5571
5572
5573
5574
5575
5577
5578
5579
5580
5582
5583
5584
5585
5586
5588
5590
5591
5596
5597
5598
5599
559
5600
5601
5602
5605
5606
5607
5608
5609
5611
5612
5614
5616
5617
5619
561
5622
5623
5625
5626
5629
5630
5631
5632
5634
5635
5636
5637
5638
5639
5640
5641
5642
5644
5646
5647
5648
5649
5650
5652
5653
5654
5655
5657
5660
5661
5662
5668
5670
5671
5673
5674
5677
5678
5679
567
5682
5684
5688
568
5690
5691
5692
5693
5695
5696
5697
5699
56
5700
5701
5704
5706
5707
5708
5710
5712
5713
5715
5718
5719
571
5721
5722
5723
5725
5728
5729
5730
5731
5733
5734
5736
5738
5741
5742
5746
5747
5748
5753
5755
5756
5757
5758
5759
575
5760
5761
5764
5766
5768
5769
5770
5772
5774
5775
5776
5778
5779
5780
5781
5784
5786
5787
5792
5793
5794
5795
5796
5797
5801
5802
5803
5804
5805
5808
5809
580
5810
5811
5813
5817
5818
5819
581
5821
5822
5823
5825
5827
5829
5830
5831
5832
5833
5834
5835
5836
5838
5839
583
5841
5843
5847
5848
584
5850
5851
5854
5855
5858
5859
585
5860
5861
5863
5864
5865
5866
5868
5869
5870
5871
5872
5873
5874
5876
5877
5878
5880
5882
5883
5885
5886
5887
5888
5889
588
5890
5891
5892
5893
5894
5895
5896
5897
5898
5899
5900
5901
5903
5905
5906
5907
5909
590
5910
5911
5912
5913
5914
5916
591
5920
5921
5922
5923
5924
5925
5926
5927
5928
592
5930
5931
5933
5934
5935
5936
5937
5938
5939
5941
5942
5943
5945
5946
5947
5949
5951
5952
5953
5954
5955
5958
5960
5964
5965
5966
5967
5968
5969
5970
5971
5972
5974
5975
597
5980
5982
5983
5984
5985
5986
5987
5988
5989
5990
5991
5992
5993
5994
5995
5997
599
59
6000
6001
6002
6003
6005
6006
6007
6009
600
6010
6011
6012
6017
6020
6021
6022
6024
6025
6026
6027
6028
6029
6033
6034
6035
6036
6037
6038
6040
6043
6045
6046
6048
6049
6051
6052
6054
6055
6057
6058
6059
605
6060
6061
6062
6063
6064
6066
6067
6068
6069
6070
6071
6077
6078
6079
6080
6082
6083
6085
6086
6087
6088
6089
608
6090
6091
6092
6094
6096
6098
6099
609
6100
6101
6103
6105
6107
6109
6110
6111
6113
6115
6116
6117
6119
611
6120
6123
6125
6126
6127
6129
612
6130
6132
6134
6135
6136
6137
6138
6139
6140
6142
6143
6145
6146
6150
6152
6153
6154
6155
6156
6157
6159
615
6160
6161
6163
6164
6166
6168
616
6171
6174
6175
6176
6177
6180
6182
6184
6186
6187
6188
6190
6192
6195
6196
6197
619
6200
6201
6202
6204
6206
6207
6208
620
6210
6211
6212
6219
6224
6225
6226
6231
6232
6233
6234
6235
6236
6237
6239
6244
6248
6249
6250
6251
6253
6254
6255
6257
6258
6259
625
6260
6261
6262
6264
6265
6266
6267
6268
6269
626
6270
6273
6274
6276
6278
6279
627
6280
6281
6282
6283
6285
6286
6287
6288
6289
628
6291
6292
6295
6296
6298
6300
6301
6302
6303
6304
6305
6306
6308
6309
630
6310
6312
6313
6314
6316
6317
6319
631
6320
6321
6323
6324
6328
632
6330
6331
6332
6334
6339
6341
6342
6344
6345
6347
6348
6349
6350
6351
6353
6354
6355
6357
6359
635
6361
6362
6364
6366
6367
6368
6369
6370
6372
6373
6375
6376
6377
6379
637
6380
6382
6384
6385
6386
6387
6388
6389
6391
6392
6393
6394
6395
6398
6399
639
6400
6401
6402
6404
6406
6408
6409
6410
6411
6412
6413
6416
6417
6419
6420
6421
6422
6423
6424
6425
6426
6427
6429
642
6430
6432
6433
6434
6435
6437
6439
6440
6441
6442
6446
6447
6448
6449
6450
6451
6452
6455
6456
6457
6459
6460
6461
6462
6464
6465
6466
6468
646
6471
6472
6473
6474
6475
6476
6477
6478
6479
6480
6481
6483
6484
6485
6486
6487
6489
6490
6493
6497
6498
64
6502
6503
6506
6507
6509
6510
6512
6515
6516
6517
6518
651
6521
6522
6523
6524
6525
6528
6529
6531
6533
6534
6535
6536
6538
6539
653
6542
6545
6546
6549
6550
6551
6552
6553
6554
6555
6556
6557
6558
6559
6561
6564
6565
6566
6568
6570
6571
6572
6573
6576
6577
6578
6579
6581
6583
6584
6585
6586
6587
6588
6589
6591
6593
6595
6596
6598
6599
6600
6601
6602
6603
6604
6605
6606
6607
6608
6609
660
6611
6612
6614
6616
6617
6618
6619
6620
6621
6623
6624
6625
6626
6627
6629
662
6632
6633
6635
6636
6637
6638
6639
6641
6642
6643
6644
6645
6647
6648
664
6650
6651
6652
6653
6654
6655
6657
6658
6661
6662
6664
6665
6667
666
6675
6676
667
6680
6681
6682
6686
6689
668
6691
6692
6695
6699
669
6701
6702
6703
6704
6705
6707
6708
670
6710
6711
6712
6713
6714
6715
6716
6718
671
6720
6721
6724
6726
6727
6728
6729
672
6731
6732
6734
6736
6737
6739
6740
6741
6742
6743
6744
6745
6748
6749
6750
6753
6754
6755
6756
6757
6758
6759
6761
6762
6765
6766
6767
6768
6769
6770
6775
6777
6780
6781
6782
6784
6785
6786
6788
6789
6791
6792
6793
6794
6797
6798
6799
6802
6803
6804
6805
6806
6807
6810
6811
6812
6813
6814
6815
6816
6818
6819
6820
6822
6823
6825
6827
6828
682
6830
6832
6835
6836
6837
6839
6840
6841
6843
6845
6847
6848
6849
6853
6855
6857
6858
6859
6860
6861
6862
6864
6865
6866
6868
6869
686
6870
6871
6872
6873
6877
6878
6879
6881
6883
6884
6885
6886
6888
6889
688
6890
6891
6893
6894
6896
6897
6899
6900
6901
6902
6904
6905
6907
6908
6911
6913
6914
6915
6916
6917
6918
691
6923
6926
6927
692
6930
6935
6936
6937
6938
6940
6941
6942
6943
6945
6947
6949
6950
6951
6952
6953
6954
6957
6959
6960
6962
6963
6965
6967
6968
6969
6971
6972
6973
6975
6977
6979
697
6980
6982
6984
6985
6986
6988
698
6990
6991
6993
6996
6999
699
7002
7004
7006
7008
7012
7013
7015
7016
7017
7018
7019
7021
7023
7026
7027
7028
7029
7031
7033
7034
7036
7037
7043
7044
7045
7046
7047
7049
7050
7051
7055
7056
7057
705
7065
7066
7067
7068
7071
7072
7074
7077
7078
7079
707
7081
7082
7085
7086
7091
7093
7094
7096
7097
709
7100
7102
7103
7104
7106
7107
710
7111
7112
7113
7114
7121
7122
7124
7125
7127
7128
7129
7130
7132
7135
7139
713
7144
7145
7146
7147
7148
7149
714
7151
7152
7154
7155
7156
715
7164
7165
7166
7167
7168
7169
7170
7171
7172
7174
7175
7176
7177
7178
7179
7180
7182
7183
7184
7185
7186
7187
7188
7189
7191
7192
7193
7194
7195
7196
7201
7202
7205
7207
7208
720
7210
7211
7212
7213
7214
7215
7217
7218
721
7220
7221
7222
7223
7225
7226
7227
7228
722
7230
7231
7234
7236
7237
7238
7239
723
7241
7242
7243
7244
7245
7246
7247
7250
7251
7252
7253
7256
7257
7258
7261
7262
7263
7264
7266
7267
726
7270
7272
7273
7275
7276
7277
7278
727
7280
7281
7283
7284
7285
7287
7288
7289
728
7290
7291
7292
7294
7295
7297
729
7300
7302
7303
7306
7308
7309
7310
7312
7313
7314
7316
7317
7318
7319
731
7320
7321
7325
7328
7329
7330
7331
7332
7333
7334
7336
7337
7338
7339
7340
7342
7345
7346
7347
7348
7349
7350
7351
7353
7354
7355
7357
7358
7359
7360
7365
7367
7368
7369
736
7370
7373
7374
7375
7376
7377
7378
7379
7380
7381
7382
7384
7385
7388
7389
7393
7394
7395
7396
7399
7402
7403
7404
7405
7410
7413
7414
7415
7417
7418
7419
741
7420
7421
7422
7424
7425
7428
7429
742
7430
7431
7433
7434
7437
7439
743
7442
7443
7447
7448
744
7450
7451
7452
7454
7455
7457
7458
7459
745
7461
7462
7463
7464
7465
7467
7468
7469
746
7470
7472
7476
7477
7478
7479
7481
7484
7485
7486
7487
7490
7491
7492
7493
7495
7497
7498
7499
749
74
7500
7501
7502
7507
750
7510
7511
7513
7519
751
7521
7522
7525
7526
7527
752
7530
7531
7532
7534
7535
7538
7539
753
7540
7543
7544
7546
7547
7550
7551
7554
7555
7556
7557
7558
7559
7560
7561
7564
7566
7567
7568
7569
7571
7572
7573
7577
7578
7579
757
7580
7581
7583
7584
7585
7586
7589
7590
7594
7595
7596
7597
7598
759
7602
7603
7604
7605
7606
7607
7608
7609
7610
7611
7613
7614
7615
7619
7624
7625
7626
7627
7628
7629
7630
7632
7634
7635
7636
7637
7638
763
7640
7642
7643
7644
7645
7646
7647
7648
7649
764
7650
7658
7659
765
7660
7664
7665
7669
766
7672
7673
7674
7675
7677
7679
7680
7682
7686
7690
7691
7692
7694
7695
7698
7699
769
7700
7701
7702
7703
7706
7707
7709
7710
7712
7713
7714
7715
7717
771
7720
7721
7722
7723
7725
7727
7728
772
7730
7731
7732
7733
7734
7735
7736
7737
7739
7740
7741
7745
7747
7748
7749
774
7750
7752
7753
7756
7757
7758
7759
7761
7763
7764
7765
7766
776
7770
7771
7774
7775
7776
7778
7781
7782
7783
7784
7785
7787
778
7790
7791
7792
7794
7795
7796
7797
7798
7799
7802
7804
7805
7807
7808
780
7811
7813
7814
7815
7816
7817
7819
7820
7821
7822
7823
7824
7825
7827
7828
7829
7830
7832
7834
7835
7836
7837
7838
783
7840
7841
7843
7844
7845
7848
7849
784
7850
7851
7853
7854
7856
7859
785
7861
7864
7865
7866
7868
7869
7872
7876
7877
7878
7880
7882
7883
7884
7885
7886
7887
7892
7894
7895
7896
7898
7899
7901
7903
7906
7907
7909
7910
7911
7912
7913
7916
7917
7918
7919
7922
7925
7927
7929
7930
7931
7934
7936
7937
7938
793
7940
7942
7943
7945
7946
7948
7949
7951
7952
7953
7954
7956
7957
7958
7959
7961
7964
7965
7967
7970
7971
7973
7974
7975
7979
7980
7981
7982
7983
7984
7986
7989
798
7991
7992
7994
7995
7996
7997
7999
8000
8001
8002
8003
8004
8005
8006
8008
8009
800
8011
8012
8013
8015
801
8020
8021
8024
8026
8027
8028
8029
8030
8031
8032
8034
8036
8037
803
8040
8041
8042
8043
8044
8047
8048
8049
8050
8052
8055
8056
8058
8059
8060
8061
8062
8063
8064
8066
8068
8069
8070
8071
8072
8073
8075
8076
8077
8078
8080
8081
8084
8086
8087
8088
8089
8090
8091
8093
8094
8095
8096
8098
8099
8100
8104
8106
8107
8108
8109
8111
8112
8114
8115
8116
8118
8119
8122
8125
8127
8128
812
8130
8132
8136
8138
813
8140
8142
8143
8144
8147
8148
8150
8152
8157
8158
8159
8160
8161
8165
8166
8168
8169
8173
8174
8176
8177
8178
817
8180
8181
8182
8184
8185
8186
8187
8188
8189
818
8190
8191
8197
8198
8199
81
8200
8202
8203
8205
8206
8207
8211
8212
8213
8214
8215
8216
8218
8220
8221
8222
8223
8224
8225
8226
8227
8231
8232
8234
8235
8236
8237
8238
8240
8243
8245
8246
8247
8248
8250
8251
8255
8256
8257
8259
8261
8264
8266
8267
8268
8271
8272
8275
8279
827
8280
8281
8283
8285
8286
8287
8288
828
8290
8293
8294
8298
8301
8303
8304
8306
8310
8312
8314
8315
8316
8318
8319
8320
8322
8323
8327
8329
832
8332
8335
8340
8341
8342
8343
8344
8348
8349
834
8352
8353
8354
8355
8357
835
8362
8363
8365
8367
8368
836
8373
8374
8377
8379
837
8380
8381
8384
8385
8386
8388
8389
8390
8391
8393
8394
8395
8396
8397
8398
8400
8401
8402
8403
8404
8405
8406
8407
8408
8410
8411
8414
8417
8418
8420
8421
8422
8423
8424
8425
8427
8429
842
8430
8431
8432
8433
8434
8438
8439
8440
8442
8443
8444
8445
8446
8447
844
8453
8454
8456
8457
8460
8462
8463
8464
8465
8466
8468
846
8471
8475
8476
8477
847
8480
8481
8484
8485
8486
8489
848
8490
8492
8494
8499
849
8500
8501
8504
8507
8508
8509
850
8511
8512
8513
8514
8515
8516
8517
8518
851
8520
8521
8522
8523
8524
8525
8526
8528
8529
8533
8534
8538
8539
853
8541
8542
8543
8545
8546
8547
8548
8549
8550
8551
8552
8555
8556
8557
8560
8563
8564
8566
8567
8568
8569
8570
8571
8572
8574
8576
8580
8581
8584
8585
8586
8588
858
8591
8592
8594
8595
8596
8598
8600
8601
8603
8604
8606
8608
860
8611
8612
8614
8615
8616
8617
8619
8620
8623
8626
862
8630
8632
8635
8637
8638
8639
8640
8642
8643
8644
8645
8646
8648
8649
8650
8651
8654
8656
8658
8659
8660
8664
8666
8667
8668
866
8672
8674
8676
8677
8680
8682
8683
8684
8685
8686
8688
8690
8694
8698
8699
8700
8704
8705
8706
8708
8709
8710
8713
8714
8716
8717
8718
8719
871
8722
8723
8724
8727
8728
8731
8732
8733
8738
8741
8742
8745
8746
8747
8748
874
8754
8756
875
8760
8761
8762
8763
8765
8766
8768
8769
876
8770
8771
8772
8773
8774
8775
8777
8779
8780
8784
8786
8788
878
8790
8791
8792
8794
8797
8798
879
8800
8801
8802
8804
8806
8807
8808
8809
880
8810
8811
8813
8814
8815
8816
8817
8818
8819
881
8820
8821
8822
8824
8825
8826
8828
8829
8830
8831
8832
8835
8836
8838
8839
883
8840
8841
8842
8843
8845
8846
8847
8848
8849
8852
8853
8854
8857
8859
885
8860
8862
8863
8864
8869
8870
8872
8874
8875
8876
8878
8879
8881
8882
8885
8889
888
8890
8892
8895
889
8900
8901
8903
8905
8906
8908
8910
8912
8913
8914
8915
8919
8925
8926
8927
8929
8931
8932
8934
8935
8936
8937
8938
8939
8940
8941
8943
8944
8945
8946
8948
894
8950
8952
8956
8967
8969
896
8971
8972
8973
8975
8976
897
8980
8982
8983
8984
8988
8990
8991
8992
8994
8995
8999
9001
9003
9004
9005
9006
9007
9008
9009
900
9010
9012
9013
9016
9017
9018
9019
9021
9025
9026
9027
9028
9029
902
9030
9031
9032
9034
9036
9037
9038
9042
9043
9044
9045
9048
9049
904
9051
9052
9054
9055
9056
9057
9059
9061
9064
9065
9066
9068
9069
9073
9075
9078
9079
9083
9085
9087
908
9094
9096
9098
9099
9102
9105
9106
9107
9110
9115
9117
9118
911
9120
9121
9124
9126
9127
9129
9132
9133
9135
9137
9138
9139
913
9140
9141
9143
9144
9145
9146
9147
9151
9152
9153
9154
9155
9156
9158
9159
9160
9162
9163
9164
9165
9167
9168
9170
9176
9177
9178
9179
917
9180
9181
9182
9185
9187
9189
918
9193
9194
9198
9199
919
9200
9201
9202
9204
9206
9208
920
9210
9213
9214
9216
9217
921
9222
9223
9224
9225
9227
9228
9229
9230
9232
9233
9234
9235
9238
9239
9240
9244
9246
9248
9249
9250
9251
9252
9254
9258
9260
9261
9262
9263
9266
9267
9269
9270
9271
9272
9273
9275
9277
9278
9279
9280
9283
9284
9285
9286
928
9290
9291
9292
9294
9295
9296
9298
9299
929
9300
9302
9305
9306
9307
9308
9309
930
9310
9311
9312
9313
9314
9315
9316
9317
9318
9319
931
9320
9322
9325
9328
9329
9330
9333
9336
9339
933
9340
9343
9344
9346
9350
9351
9355
9356
9357
9359
935
9360
9361
9362
9364
9366
9367
9368
9369
9370
9373
9374
9375
9376
9378
937
9380
9382
9383
9384
9386
9387
9388
9389
938
9390
9392
9395
9396
9399
9400
9402
9404
9405
9406
9407
9409
9411
9414
9419
9420
9423
9425
9426
9427
9428
942
9430
9432
9433
9434
9436
9437
9438
9439
943
9440
9441
9443
9444
9449
9451
9453
9454
9455
945
9460
9466
9467
9469
946
9470
9471
9472
9473
9475
9477
9478
9480
9481
9483
9486
9487
9488
9492
9493
9494
9495
9497
9498
9501
9502
9503
9505
9507
9509
9511
9512
9513
9516
9518
9519
951
9520
9521
9522
9523
9525
9526
9527
9529
9532
9533
9535
9536
9538
9539
953
9540
9544
9545
9547
9548
9549
9551
9552
9554
9556
9557
9560
9564
9566
9567
9569
956
9570
9572
9573
9574
9575
9577
9579
957
9580
9583
9586
958
9590
9592
9593
9594
9595
9596
9597
959
9600
9601
9602
9603
9606
9608
9609
9610
9611
9612
9618
961
9621
9622
9623
9624
9625
9626
9627
9628
9634
9635
9636
9637
9638
9639
963
9640
9642
9643
9644
9645
9646
9648
9649
9651
9652
9655
9656
9657
9658
9659
965
9663
9664
9665
9667
9668
966
9670
9671
9673
9675
9683
9685
9686
9687
9688
9691
9692
9694
9696
9698
9699
969
9700
9702
9705
9706
9707
9708
9709
970
9711
9712
9713
9715
9716
9717
9718
9723
9726
972
9731
9733
9739
9740
9742
9743
9744
9745
9747
9748
974
9751
9753
9755
9758
975
9761
9762
9763
9768
9769
9775
9778
9779
977
9780
9783
9784
9785
9786
9787
9788
9789
978
9791
9795
9797
9798
9802
9803
9804
9805
9808
9810
9814
9816
9817
9818
981
9821
9822
9823
9825
9826
9830
9831
9833
9835
9837
9838
9839
983
9842
9843
9844
9845
9847
9848
9849
9850
9851
9857
9859
9862
9863
9865
9867
9868
9869
986
9870
9871
9872
9873
9875
9876
9878
987
9880
9883
9884
9886
988
9890
9892
9893
9894
9895
9896
9897
9900
9902
9903
9904
9905
9907
9908
9909
9910
9911
9912
9914
9915
9917
9918
9919
9920
9921
9922
9923
9924
9926
9928
9929
9930
9931
9932
9933
9935
9937
9938
993
9940
9941
9943
9944
9945
9947
9948
9950
9951
9952
9953
9956
9957
9958
9959
9960
9963
9964
9966
9968
9969
9970
9973
9975
9976
9977
9978
9979
997
9980
9981
9982
9984
9985
9986
9987
9988
9989
9990
9993
9994
999
